name: FYPcode
channels:
  - conda-forge
  - defaults
dependencies:
  - asn1crypto=0.24.0=py36_1003
  - aubio=0.4.9=py36h7fad82b_0
  - beautifulsoup4=4.7.1=py36_1001
  - bzip2=1.0.6=hfa6e2cd_1002
  - ca-certificates=2019.3.9=hecc5488_0
  - certifi=2019.3.9=py36_0
  - cffi=1.12.2=py36hb32ad35_1
  - chardet=3.0.4=py36_1003
  - conda=4.6.8=py36_0
  - conda-build=3.17.8=py36_1
  - cryptography=2.6.1=py36hb32ad35_0
  - ffmpeg=4.0.2=h8fefcd1_2
  - filelock=3.0.10=py_0
  - glob2=0.6=py_0
  - idna=2.8=py36_1000
  - jinja2=2.10=py_1
  - libarchive=3.3.3=hf8a9373_1003
  - libiconv=1.15=hfa6e2cd_1004
  - libxml2=2.9.8=h9ce36c8_1005
  - lzo=2.10=hfa6e2cd_1000
  - markupsafe=1.1.1=py36hfa6e2cd_0
  - menuinst=1.4.15=py36_0
  - openssl=1.1.1b=hfa6e2cd_1
  - pkginfo=1.5.0.1=py_0
  - psutil=5.6.1=py36hfa6e2cd_0
  - pycosat=0.6.3=py36hfa6e2cd_1001
  - pycparser=2.19=py36_1
  - pyopenssl=19.0.0=py36_0
  - pysocks=1.6.8=py36_1002
  - python-libarchive-c=2.8=py36_1004
  - pywin32=224=py36hfa6e2cd_1000
  - pyyaml=5.1=py36hfa6e2cd_0
  - requests=2.21.0=py36_1000
  - ruamel_yaml=0.15.71=py36hfa6e2cd_1000
  - soupsieve=1.8=py36_0
  - tqdm=4.31.1=py_0
  - unicodecsv=0.14.1=py_1
  - urllib3=1.24.1=py36_1000
  - win_inet_pton=1.1.0=py36_0
  - xz=5.2.4=h2fa13f4_1001
  - yaml=0.1.7=hfa6e2cd_1001
  - zstd=1.3.3=vc14_1
  - blas=1.0=mkl
  - cycler=0.10.0=py36h009560c_0
  - freetype=2.9.1=ha9979f8_1
  - icc_rt=2019.0.0=h0cc432a_1
  - icu=58.2=ha66f8fd_1
  - intel-openmp=2019.0=118
  - jpeg=9b=hb83a4c4_2
  - kiwisolver=1.0.1=py36h6538335_0
  - liblief=0.9.0=ha925a31_2
  - libpng=1.6.36=h2a8f88b_0
  - lz4-c=1.8.1.2=h2fa13f4_0
  - m2-msys2-runtime=2.5.0.17080.65c939c=3
  - m2-patch=2.7.5=2
  - matplotlib=3.0.2=py36hc8f65d3_0
  - mkl=2019.1=144
  - mkl_fft=1.0.10=py36h14836fe_0
  - mkl_random=1.0.2=py36h343c172_0
  - msys2-conda-epoch=20160418=1
  - numpy=1.15.4=py36h19fb1c0_0
  - numpy-base=1.15.4=py36hc3f5095_0
  - pandas=0.23.4=py36h830ac7b_0
  - pip=10.0.1=py36_0
  - portaudio=19.6.0=hfa6e2cd_3
  - py-lief=0.9.0=py36ha925a31_2
  - pyaudio=0.2.11=py36hfa6e2cd_1
  - pyparsing=2.3.1=py36_0
  - pyqt=5.9.2=py36h6538335_2
  - python=3.6.6=hea74fb7_0
  - python-dateutil=2.7.3=py36_0
  - pytz=2018.5=py36_0
  - qt=5.9.7=vc14h73c81de_0
  - scipy=1.2.0=py36h29ff71c_0
  - setuptools=40.4.3=py36_0
  - sip=4.19.8=py36h6538335_0
  - six=1.11.0=py36_1
  - sqlite=3.26.0=he774522_0
  - tornado=5.1.1=py36hfa6e2cd_0
  - vc=14.1=h0510ff6_4
  - vs2015_runtime=14.15.26706=h3a45250_0
  - wheel=0.32.0=py36_0
  - wincertstore=0.2=py36h7fe50ca_0
  - zlib=1.2.11=h62dcd97_3
prefix: C:\Users\danqu\Anaconda3\envs\FYPcode
